5
3       3       4       1       1
3       3       3      
3       4       4       
4       1       1
3       3       4       1       1






-8      -8      6       -3      -5
-8      -4      -4      0       0
0       -4      6       6       0
0       0       6       -3      -3
-8      -4      6       -5      -5 Верное решение! для 4 2 3 5 6



1       1       3       -3      -4
1       -3      -3      0       0
0       -3      3       3       0
0       0       3       -3      -3
1       -3      3       -4      -4   4 2 3 5 6







3       3       -3      4       1
3       -1      -1      0       0
0       -1      -3      -3      0
0       0       -3      4       4
3       -1      -3      1       1